# relative_time, cycles_done, cur_item, corpus_count, pending_total, pending_favs, map_size, saved_crashes, saved_hangs, max_depth, execs_per_sec, total_execs, edges_found
60, 0, 430, 564, 553, 131, 63.25%, 0, 0, 4, 1008.85, 62473, 518
65, 0, 374, 580, 559, 131, 63.37%, 0, 0, 4, 1038.51, 66440, 519
70, 0, 420, 612, 585, 127, 64.22%, 3, 0, 4, 1028.59, 71575, 526
75, 0, 259, 620, 590, 125, 64.22%, 8, 0, 4, 1036.78, 76840, 526
80, 0, 259, 621, 591, 125, 64.22%, 8, 0, 4, 1048.53, 82127, 526
86, 0, 188, 626, 592, 125, 65.20%, 8, 0, 4, 1058.01, 87559, 534
91, 0, 607, 639, 598, 118, 65.57%, 9, 0, 5, 1049.59, 92979, 537
97, 0, 607, 644, 603, 118, 65.57%, 11, 0, 5, 131.39, 97978, 537
102, 0, 633, 652, 607, 116, 65.93%, 15, 0, 6, 1038.13, 103219, 540
107, 0, 633, 657, 612, 116, 66.30%, 15, 0, 6, 1031.61, 108434, 543
112, 0, 336, 667, 615, 113, 66.30%, 15, 0, 6, 1035.50, 113618, 543
117, 0, 80, 673, 609, 103, 66.54%, 15, 0, 6, 1035.40, 118963, 545
122, 0, 266, 678, 601, 90, 66.54%, 15, 0, 6, 1035.98, 124142, 545
127, 0, 267, 686, 594, 76, 66.67%, 15, 0, 6, 1034.55, 129451, 546
132, 0, 654, 693, 598, 73, 67.03%, 15, 0, 7, 987.32, 133389, 549
137, 0, 654, 694, 599, 73, 67.03%, 16, 0, 7, 983.85, 138393, 549
142, 0, 652, 699, 597, 69, 67.03%, 19, 0, 7, 1025.34, 143552, 549
148, 0, 106, 703, 588, 56, 67.03%, 19, 0, 7, 1034.52, 148940, 549
153, 0, 20, 716, 589, 44, 67.16%, 19, 0, 7, 1038.69, 154351, 550
158, 0, 544, 723, 585, 36, 67.40%, 20, 0, 7, 1038.70, 159588, 552
164, 0, 9, 735, 588, 27, 67.52%, 20, 0, 7, 37.81, 164312, 553
169, 0, 9, 740, 593, 27, 67.64%, 20, 0, 7, 1018.81, 169507, 554
174, 0, 9, 741, 594, 27, 67.64%, 20, 0, 7, 1024.22, 174714, 554
179, 0, 717, 746, 591, 23, 67.64%, 20, 0, 7, 1022.63, 179860, 554
184, 0, 717, 749, 594, 23, 67.64%, 22, 0, 7, 1027.63, 185101, 554
189, 0, 717, 753, 598, 23, 67.64%, 22, 0, 7, 1026.62, 190329, 554
194, 0, 216, 758, 595, 15, 67.64%, 22, 0, 7, 999.28, 195310, 554
199, 0, 715, 763, 597, 12, 67.64%, 22, 0, 7, 963.40, 199207, 554
204, 0, 715, 766, 600, 12, 67.64%, 22, 0, 7, 990.26, 204225, 554
209, 0, 715, 768, 602, 12, 67.64%, 22, 0, 7, 988.22, 209255, 554
214, 0, 689, 775, 602, 6, 68.13%, 23, 0, 8, 967.26, 214283, 558
220, 0, 689, 775, 602, 6, 68.13%, 23, 0, 8, 947.97, 219107, 558
225, 0, 690, 777, 601, 4, 68.25%, 24, 0, 8, 937.62, 224026, 559
231, 0, 772, 782, 605, 4, 68.25%, 26, 0, 9, 64.54, 227888, 559
236, 0, 772, 782, 605, 4, 68.25%, 26, 0, 9, 959.79, 232747, 559
241, 0, 779, 784, 604, 3, 68.25%, 26, 0, 10, 986.49, 237714, 559
246, 0, 200, 787, 605, 1, 68.25%, 26, 0, 10, 1043.14, 242989, 559
251, 0, 152, 789, 606, 1, 68.25%, 26, 0, 10, 1041.76, 248410, 559
256, 0, 250, 800, 613, 0, 68.25%, 26, 0, 10, 1019.84, 253510, 559
261, 0, 513, 803, 615, 0, 68.25%, 27, 0, 10, 1024.40, 258812, 559
266, 0, 650, 806, 617, 0, 68.25%, 27, 0, 10, 1024.11, 262708, 559
271, 0, 125, 807, 618, 0, 68.25%, 27, 0, 10, 1023.01, 268018, 559
276, 0, 568, 809, 620, 0, 68.25%, 27, 0, 10, 1025.59, 273163, 559
281, 0, 349, 812, 623, 0, 68.25%, 27, 0, 10, 1037.30, 278574, 559
287, 0, 271, 812, 623, 0, 68.25%, 27, 0, 10, 1037.94, 283974, 559
292, 0, 421, 813, 624, 0, 68.25%, 27, 0, 10, 1037.95, 289161, 559
297, 0, 0, 813, 624, 0, 68.25%, 27, 0, 10, 142.55, 293910, 559
302, 0, 139, 818, 629, 0, 68.25%, 27, 0, 10, 1024.60, 299031, 559
307, 0, 17, 819, 630, 0, 68.25%, 27, 0, 10, 1015.22, 304102, 559
313, 0, 47, 820, 631, 0, 68.25%, 27, 0, 10, 1018.53, 309213, 559
318, 0, 496, 822, 633, 0, 68.25%, 27, 0, 10, 1032.02, 314616, 559
323, 0, 113, 824, 635, 0, 68.25%, 27, 0, 10, 1044.18, 320044, 559
328, 0, 19, 825, 636, 0, 68.25%, 27, 0, 10, 1051.88, 325346, 559
333, 0, 168, 826, 636, 0, 68.25%, 27, 0, 10, 1055.67, 329375, 559
338, 0, 17, 826, 636, 0, 68.25%, 27, 0, 10, 1054.88, 334847, 559
343, 0, 53, 828, 638, 0, 68.25%, 27, 0, 10, 1048.17, 340296, 559
348, 0, 58, 831, 641, 0, 68.25%, 27, 0, 10, 1064.14, 345631, 559
353, 0, 652, 832, 642, 0, 68.25%, 27, 0, 10, 1065.87, 350975, 559
358, 0, 175, 833, 643, 0, 68.25%, 27, 0, 10, 1070.65, 356351, 559
364, 0, 318, 835, 645, 0, 68.25%, 27, 0, 10, 113.67, 361369, 559
370, 0, 633, 838, 648, 0, 68.25%, 27, 0, 10, 1052.66, 366850, 559
375, 0, 27, 839, 649, 0, 68.25%, 27, 0, 10, 1047.90, 372098, 559
380, 0, 170, 840, 650, 0, 68.25%, 27, 0, 10, 1046.99, 377528, 559
385, 0, 8, 841, 651, 0, 68.25%, 27, 0, 10, 1034.26, 382725, 559
390, 0, 779, 843, 653, 0, 68.25%, 27, 0, 10, 1023.36, 387878, 559
395, 0, 779, 846, 656, 0, 68.25%, 28, 0, 10, 998.88, 392891, 559
400, 0, 17, 847, 657, 0, 68.25%, 28, 0, 10, 1018.05, 396992, 559
405, 0, 242, 848, 657, 0, 68.25%, 28, 0, 10, 1044.37, 402403, 559
410, 0, 4, 849, 658, 0, 68.25%, 28, 0, 10, 1051.28, 407695, 559
415, 0, 200, 849, 658, 0, 68.25%, 28, 0, 10, 1042.85, 412940, 559
420, 0, 170, 849, 657, 0, 68.25%, 28, 0, 10, 1059.03, 418267, 559
425, 0, 4, 850, 658, 0, 68.25%, 28, 0, 10, 1058.66, 423662, 559
431, 0, 231, 850, 658, 0, 68.25%, 28, 0, 10, 49.65, 428540, 559
436, 0, 18, 850, 658, 0, 68.25%, 28, 0, 10, 1041.18, 433935, 559
442, 0, 546, 850, 658, 0, 68.25%, 28, 0, 10, 1048.75, 439402, 559
447, 0, 104, 850, 658, 0, 68.25%, 28, 0, 10, 1067.42, 444844, 559
452, 0, 4, 850, 657, 0, 68.25%, 28, 0, 10, 1056.24, 450282, 559
457, 0, 669, 851, 658, 0, 68.25%, 28, 0, 10, 1065.85, 455684, 559
462, 0, 18, 851, 658, 0, 68.25%, 28, 0, 10, 1058.89, 461012, 559
467, 0, 18, 851, 658, 0, 68.25%, 28, 0, 10, 1035.67, 465051, 559
472, 0, 451, 852, 659, 0, 68.25%, 28, 0, 10, 1034.72, 470410, 559
478, 0, 188, 854, 661, 0, 68.25%, 28, 0, 10, 1053.50, 475903, 559
483, 0, 389, 854, 661, 0, 68.25%, 28, 0, 10, 1054.97, 481350, 559
488, 0, 0, 855, 662, 0, 68.25%, 28, 0, 10, 1064.93, 486905, 559
493, 0, 20, 856, 663, 0, 68.25%, 28, 0, 10, 1042.97, 492296, 559
498, 0, 231, 856, 663, 0, 68.25%, 28, 0, 10, 38.70, 496465, 559
503, 0, 104, 856, 663, 0, 68.25%, 28, 0, 10, 1046.33, 501712, 559
508, 0, 375, 856, 663, 0, 68.25%, 28, 0, 10, 1048.12, 507021, 559
514, 0, 539, 856, 662, 0, 68.25%, 28, 0, 10, 1053.20, 512478, 559
519, 0, 4, 856, 662, 0, 68.25%, 28, 0, 10, 1070.12, 518028, 559
524, 0, 19, 857, 663, 0, 68.25%, 28, 0, 10, 1063.69, 523383, 559
529, 0, 18, 859, 664, 0, 68.50%, 28, 0, 10, 1052.17, 528822, 561
534, 0, 32, 859, 664, 0, 68.50%, 28, 0, 10, 1029.32, 532855, 561
539, 0, 4, 859, 663, 0, 68.50%, 28, 0, 10, 1020.02, 537950, 561
544, 0, 70, 860, 664, 0, 68.50%, 28, 0, 10, 1047.16, 543217, 561
549, 0, 858, 861, 665, 0, 68.50%, 28, 0, 10, 1050.46, 548516, 561
554, 0, 561, 861, 665, 0, 68.50%, 28, 0, 10, 1079.97, 554016, 561
559, 0, 18, 862, 666, 0, 68.50%, 28, 0, 10, 1052.41, 559281, 561
565, 0, 58, 863, 667, 0, 68.50%, 28, 0, 10, 8.48, 564284, 561
571, 0, 290, 864, 668, 0, 68.50%, 28, 0, 10, 1029.48, 569566, 561
576, 0, 27, 864, 668, 0, 68.50%, 28, 0, 10, 1053.05, 575041, 561
581, 0, 166, 864, 667, 0, 68.50%, 28, 0, 10, 1060.43, 580536, 561
586, 0, 231, 866, 669, 0, 68.50%, 28, 0, 10, 1080.60, 586145, 561
591, 0, 24, 866, 669, 0, 68.50%, 28, 0, 10, 1053.61, 591404, 561
596, 0, 247, 866, 669, 0, 68.50%, 28, 0, 10, 1056.90, 596879, 561
601, 0, 621, 866, 669, 0, 68.50%, 28, 0, 10, 1011.51, 600821, 561
607, 0, 713, 866, 669, 0, 68.50%, 28, 0, 10, 1018.67, 606049, 561
612, 0, 366, 867, 669, 0, 68.50%, 28, 0, 10, 1056.03, 611568, 561
617, 0, 652, 868, 669, 0, 68.50%, 28, 0, 10, 1086.18, 617164, 561
622, 0, 168, 869, 670, 0, 68.50%, 28, 0, 10, 1072.28, 622779, 561
627, 0, 18, 869, 670, 0, 68.50%, 28, 0, 10, 1060.20, 628068, 561
632, 0, 318, 869, 670, 0, 68.50%, 28, 0, 10, 31.46, 632346, 561
637, 0, 768, 870, 671, 0, 68.50%, 28, 0, 10, 1021.27, 637479, 561
642, 0, 144, 871, 672, 0, 68.50%, 28, 0, 10, 1051.15, 642779, 561
648, 0, 18, 871, 672, 0, 68.50%, 28, 0, 10, 1051.96, 648233, 561
653, 0, 561, 871, 672, 0, 68.50%, 28, 0, 10, 1058.37, 653557, 561
658, 0, 4, 871, 672, 0, 68.50%, 28, 0, 10, 1053.35, 658842, 561
663, 0, 4, 871, 672, 0, 68.50%, 28, 0, 10, 1039.90, 664186, 561
668, 0, 302, 871, 672, 0, 68.50%, 28, 0, 10, 998.39, 667891, 561
673, 0, 20, 872, 673, 0, 68.50%, 28, 0, 10, 1035.84, 673307, 561
678, 0, 18, 873, 674, 0, 68.50%, 28, 0, 10, 1056.65, 678805, 561
683, 0, 113, 873, 674, 0, 68.50%, 28, 0, 10, 1070.78, 684202, 561
688, 0, 8, 873, 674, 0, 68.50%, 28, 0, 10, 1058.54, 689488, 561
693, 0, 194, 873, 674, 0, 68.50%, 28, 0, 10, 1035.40, 694663, 561
700, 0, 187, 873, 674, 0, 68.50%, 28, 0, 10, 88.70, 699917, 561
705, 0, 780, 876, 677, 0, 68.50%, 28, 0, 10, 958.21, 704802, 561
710, 0, 780, 878, 679, 0, 68.50%, 28, 0, 10, 966.39, 709775, 561
715, 0, 20, 879, 679, 0, 68.50%, 28, 0, 10, 1050.24, 715243, 561
720, 0, 3, 879, 679, 0, 68.50%, 28, 0, 10, 1007.49, 720177, 561
725, 0, 250, 879, 679, 0, 68.50%, 28, 0, 10, 1055.76, 725569, 561
730, 0, 333, 879, 679, 0, 68.50%, 28, 0, 10, 1034.13, 730723, 561
735, 1, 139, 880, 679, 0, 68.50%, 28, 0, 10, 1014.44, 734608, 561
740, 1, 0, 881, 679, 0, 68.50%, 28, 0, 10, 1037.82, 740021, 561
746, 1, 19, 881, 679, 0, 68.50%, 28, 0, 10, 1065.38, 745518, 561
751, 1, 191, 882, 678, 0, 68.50%, 28, 0, 10, 1076.89, 750908, 561
756, 1, 28, 883, 679, 0, 68.50%, 28, 0, 10, 1086.66, 756395, 561
761, 1, 318, 885, 681, 0, 68.50%, 28, 0, 10, 1072.10, 761804, 561
767, 1, 635, 889, 684, 0, 68.50%, 28, 0, 10, 60.22, 766816, 561
772, 1, 444, 893, 687, 0, 68.50%, 28, 0, 10, 1039.71, 772156, 561
777, 1, 303, 896, 688, 0, 68.50%, 28, 0, 10, 1088.43, 777644, 561
782, 1, 3, 898, 689, 0, 68.50%, 28, 0, 10, 1084.54, 783091, 561
787, 1, 19, 899, 688, 0, 68.50%, 28, 0, 10, 1070.67, 788477, 561
792, 1, 672, 901, 690, 0, 68.50%, 28, 0, 10, 1067.95, 793828, 561
797, 1, 18, 902, 690, 0, 68.50%, 28, 0, 10, 1068.52, 799201, 561
802, 1, 18, 904, 691, 0, 68.50%, 28, 0, 10, 1058.42, 803258, 561
807, 1, 17, 905, 692, 0, 68.50%, 28, 0, 10, 1071.48, 808627, 561
812, 1, 779, 905, 691, 0, 68.50%, 28, 0, 10, 1070.46, 814007, 561
817, 1, 27, 907, 692, 0, 68.50%, 28, 0, 10, 1068.04, 819489, 561
822, 1, 878, 909, 694, 0, 68.50%, 28, 0, 11, 1056.39, 824857, 561
828, 1, 878, 910, 695, 0, 68.50%, 28, 0, 11, 994.77, 829919, 561
834, 1, 878, 911, 696, 0, 68.50%, 28, 0, 11, 82.08, 834924, 561
839, 1, 3, 914, 699, 0, 68.50%, 28, 0, 11, 1035.36, 840097, 561
844, 1, 867, 914, 698, 0, 68.50%, 28, 0, 11, 1059.40, 845398, 561
849, 1, 669, 916, 700, 0, 68.50%, 28, 0, 11, 1053.50, 850715, 561
854, 1, 648, 916, 700, 0, 68.50%, 28, 0, 11, 1056.11, 856072, 561
859, 1, 3, 916, 700, 0, 68.50%, 28, 0, 11, 1059.27, 861395, 561
864, 1, 18, 916, 699, 0, 68.50%, 28, 0, 11, 1066.81, 866786, 561
869, 1, 820, 916, 699, 0, 68.50%, 28, 0, 11, 1029.36, 870654, 561
874, 1, 18, 916, 697, 0, 68.50%, 28, 0, 11, 1039.69, 876036, 561
879, 1, 3, 917, 697, 0, 68.50%, 29, 0, 11, 1049.36, 881511, 561
885, 1, 669, 917, 696, 0, 68.50%, 29, 0, 11, 1061.66, 886882, 561
890, 1, 599, 919, 698, 0, 68.50%, 29, 0, 11, 1057.27, 892378, 561
895, 1, 867, 919, 697, 0, 68.50%, 29, 0, 11, 1042.94, 897709, 561
901, 1, 768, 919, 697, 0, 68.50%, 29, 0, 11, 57.72, 902680, 561
906, 1, 3, 920, 697, 0, 68.50%, 29, 0, 11, 1009.26, 907855, 561
911, 1, 0, 921, 698, 0, 68.50%, 29, 0, 11, 1040.20, 913113, 561
916, 1, 178, 922, 699, 0, 68.50%, 29, 0, 11, 1051.75, 918401, 561
921, 1, 18, 923, 700, 0, 68.50%, 29, 0, 11, 1064.00, 923942, 561
926, 1, 780, 924, 701, 0, 68.50%, 29, 0, 11, 1051.93, 929204, 561
932, 1, 100, 924, 701, 0, 68.50%, 29, 0, 11, 1050.86, 934669, 561
937, 1, 561, 925, 702, 0, 68.50%, 29, 0, 11, 1015.58, 938488, 561
942, 1, 635, 926, 702, 0, 68.50%, 29, 0, 11, 1050.78, 943806, 561
947, 1, 8, 926, 702, 0, 68.50%, 29, 0, 11, 1072.24, 949216, 561
952, 1, 106, 927, 702, 0, 68.50%, 29, 0, 11, 1066.85, 954554, 561
957, 1, 291, 927, 702, 0, 68.50%, 29, 0, 11, 1070.38, 959948, 561
962, 1, 561, 928, 702, 0, 68.50%, 29, 0, 11, 1051.19, 965219, 561
968, 1, 599, 929, 702, 0, 68.50%, 29, 0, 11, 42.26, 970436, 561
973, 1, 509, 931, 704, 0, 68.50%, 29, 0, 11, 1046.51, 975878, 561
978, 1, 907, 941, 712, 0, 68.50%, 29, 0, 11, 1062.81, 981358, 561
983, 1, 18, 941, 711, 0, 68.50%, 29, 0, 11, 1057.34, 986665, 561
989, 1, 19, 943, 712, 0, 68.50%, 29, 0, 11, 1047.20, 991930, 561
994, 1, 407, 943, 711, 0, 68.50%, 29, 0, 11, 1062.25, 997396, 561
999, 1, 899, 944, 710, 0, 68.50%, 29, 0, 11, 1041.07, 1002607, 561
1004, 1, 245, 949, 714, 0, 68.50%, 29, 0, 11, 993.04, 1006398, 561
1009, 1, 729, 950, 712, 0, 68.50%, 29, 0, 11, 1035.10, 1011818, 561
1014, 1, 18, 950, 711, 0, 68.50%, 29, 0, 11, 1046.96, 1017126, 561
1019, 1, 139, 950, 711, 0, 68.50%, 29, 0, 11, 1059.75, 1022627, 561
1024, 1, 424, 951, 711, 0, 68.50%, 29, 0, 11, 1067.15, 1027987, 561
1029, 1, 18, 951, 711, 0, 68.50%, 29, 0, 11, 1054.97, 1033435, 561
1035, 1, 20, 951, 709, 0, 68.50%, 30, 0, 11, 132.09, 1038070, 561
1040, 1, 27, 951, 709, 0, 68.50%, 30, 0, 11, 1034.10, 1043299, 561
1045, 1, 18, 951, 709, 0, 68.50%, 30, 0, 11, 1092.71, 1048990, 561
1051, 1, 4, 951, 708, 0, 68.50%, 30, 0, 11, 1057.03, 1054404, 561
1056, 1, 156, 953, 708, 0, 68.50%, 30, 0, 11, 1056.30, 1059717, 561
1061, 1, 0, 953, 707, 0, 68.50%, 30, 0, 11, 1036.86, 1065062, 561
1066, 1, 144, 953, 707, 0, 68.50%, 30, 0, 11, 1014.98, 1070178, 561
1071, 1, 18, 953, 707, 0, 68.50%, 30, 0, 11, 1008.11, 1074150, 561
1076, 1, 18, 953, 707, 0, 68.50%, 30, 0, 11, 1063.64, 1079689, 561
1081, 1, 430, 953, 706, 0, 68.50%, 30, 0, 11, 1060.29, 1085237, 561
1086, 1, 779, 953, 705, 0, 68.50%, 30, 0, 11, 1038.75, 1090582, 561
1092, 1, 27, 953, 705, 0, 68.50%, 30, 0, 11, 1028.98, 1095940, 561
1097, 1, 155, 953, 704, 0, 68.50%, 30, 0, 11, 1029.41, 1101270, 561
1102, 1, 652, 953, 703, 0, 68.50%, 30, 0, 11, 44.38, 1105651, 561
1108, 1, 19, 953, 702, 0, 68.50%, 30, 0, 11, 1029.81, 1111018, 561
1113, 1, 779, 953, 702, 0, 68.50%, 30, 0, 11, 1035.99, 1116408, 561
1118, 1, 0, 955, 703, 0, 68.50%, 30, 0, 11, 1064.32, 1121790, 561
1123, 1, 34, 955, 703, 0, 68.50%, 30, 0, 11, 1083.05, 1127236, 561
1128, 1, 748, 955, 701, 0, 68.50%, 30, 0, 11, 1073.54, 1132597, 561
1133, 1, 437, 956, 701, 0, 68.50%, 30, 0, 11, 1059.26, 1137877, 561
1138, 1, 0, 956, 699, 0, 68.50%, 30, 0, 11, 1057.19, 1142202, 561
1143, 1, 561, 958, 700, 0, 68.50%, 30, 0, 11, 1052.16, 1147628, 561
1148, 1, 0, 958, 700, 0, 68.50%, 30, 0, 11, 1060.60, 1152963, 561
1153, 1, 763, 959, 699, 0, 68.50%, 30, 0, 11, 1018.69, 1158206, 561
1158, 1, 137, 959, 697, 0, 68.50%, 30, 0, 11, 1039.88, 1163443, 561
1164, 1, 28, 960, 698, 0, 68.50%, 30, 0, 11, 1046.52, 1168851, 561
1169, 1, 303, 960, 696, 0, 68.50%, 30, 0, 11, 170.45, 1173500, 561
1174, 1, 91, 960, 696, 0, 68.50%, 30, 0, 11, 1043.74, 1178915, 561
1179, 1, 701, 960, 695, 0, 68.50%, 30, 0, 11, 1040.50, 1184275, 561
1185, 1, 18, 960, 693, 0, 68.50%, 30, 0, 11, 1056.27, 1189739, 561
1190, 1, 18, 960, 691, 0, 68.50%, 30, 0, 11, 1059.87, 1195069, 561
1195, 1, 420, 960, 691, 0, 68.50%, 30, 0, 11, 1049.50, 1200488, 561
1200, 1, 4, 960, 690, 0, 68.50%, 30, 0, 11, 1046.91, 1205904, 561
1205, 1, 548, 960, 689, 0, 68.50%, 30, 0, 11, 1030.79, 1210095, 561
1210, 1, 167, 960, 688, 0, 68.50%, 30, 0, 11, 1030.62, 1215436, 561
1215, 1, 8, 960, 688, 0, 68.50%, 30, 0, 11, 1044.06, 1220892, 561
1221, 1, 161, 960, 688, 0, 68.50%, 30, 0, 11, 1053.28, 1226305, 561
1226, 1, 175, 960, 688, 0, 68.50%, 30, 0, 11, 1061.54, 1231614, 561
1231, 1, 18, 962, 689, 0, 68.50%, 30, 0, 11, 1061.72, 1236942, 561
1236, 1, 28, 962, 688, 0, 68.50%, 30, 0, 11, 31.50, 1241247, 561
1241, 1, 0, 962, 686, 0, 68.50%, 30, 0, 11, 1056.51, 1246561, 561
1246, 1, 20, 962, 686, 0, 68.50%, 30, 0, 11, 1061.28, 1252057, 561
1251, 1, 424, 962, 685, 0, 68.50%, 30, 0, 11, 1062.74, 1257389, 561
1256, 1, 19, 962, 684, 0, 68.50%, 30, 0, 11, 1049.75, 1262834, 561
1261, 1, 18, 962, 682, 0, 68.50%, 30, 0, 11, 1037.93, 1268060, 561
1266, 1, 647, 962, 682, 0, 68.50%, 30, 0, 11, 1035.36, 1273434, 561
1272, 1, 505, 962, 679, 0, 68.50%, 30, 0, 11, 1017.55, 1277552, 561
1277, 1, 768, 962, 679, 0, 68.50%, 30, 0, 11, 1025.05, 1282840, 561
1282, 1, 196, 963, 679, 0, 68.50%, 30, 0, 11, 1031.80, 1288005, 561
1287, 1, 19, 964, 680, 0, 68.50%, 30, 0, 11, 1039.34, 1293333, 561
1292, 1, 4, 964, 679, 0, 68.50%, 30, 0, 11, 1040.69, 1298761, 561
1297, 1, 549, 965, 680, 0, 68.50%, 30, 0, 11, 1048.09, 1304179, 561
1302, 1, 19, 965, 680, 0, 68.50%, 30, 0, 11, 146.85, 1308588, 561
1308, 1, 591, 965, 680, 0, 68.50%, 30, 0, 11, 1041.20, 1314017, 561
1313, 1, 18, 965, 680, 0, 68.50%, 30, 0, 11, 1043.80, 1319236, 561
1318, 2, 161, 976, 690, 0, 70.09%, 30, 0, 11, 959.55, 1323735, 574
1323, 2, 161, 977, 691, 0, 70.21%, 30, 0, 11, 1037.19, 1329084, 575
1328, 2, 973, 982, 695, 9, 70.94%, 30, 0, 11, 967.63, 1334044, 581
1333, 2, 973, 991, 704, 9, 72.04%, 30, 0, 11, 877.91, 1338400, 590
1338, 2, 973, 993, 706, 9, 72.28%, 30, 0, 11, 870.98, 1341797, 592
1343, 2, 979, 1004, 716, 21, 73.38%, 30, 0, 11, 907.27, 1346369, 601
1348, 2, 979, 1018, 730, 21, 74.85%, 30, 0, 11, 920.29, 1351039, 613
1353, 2, 979, 1021, 733, 21, 75.09%, 30, 0, 11, 897.17, 1355630, 615
1358, 2, 1002, 1024, 735, 43, 75.34%, 30, 0, 11, 880.77, 1360088, 617
1363, 2, 999, 1029, 738, 41, 75.34%, 30, 0, 11, 900.99, 1364631, 617
1369, 2, 999, 1031, 740, 41, 75.46%, 30, 0, 11, 104.27, 1369036, 618
1374, 2, 999, 1033, 742, 41, 75.46%, 30, 0, 11, 907.62, 1373694, 618
1379, 2, 1006, 1033, 740, 40, 75.46%, 30, 0, 11, 939.45, 1378508, 618
1385, 2, 1017, 1034, 739, 38, 75.46%, 30, 0, 11, 952.49, 1383521, 618
1390, 2, 1007, 1045, 749, 37, 75.46%, 30, 0, 11, 718.23, 1387280, 618
1395, 2, 1014, 1056, 759, 36, 75.46%, 30, 0, 11, 665.85, 1390330, 618
1400, 2, 1011, 1058, 759, 34, 75.46%, 30, 0, 11, 865.54, 1395007, 618
1405, 2, 1009, 1058, 757, 32, 75.46%, 30, 0, 11, 930.22, 1398710, 618
1410, 2, 1009, 1063, 762, 32, 75.46%, 30, 0, 11, 835.37, 1402768, 618
1415, 2, 1009, 1064, 763, 32, 75.46%, 30, 0, 11, 820.17, 1406951, 618
1420, 2, 1013, 1064, 762, 31, 75.46%, 30, 0, 11, 912.09, 1411547, 618
1425, 2, 1005, 1064, 760, 29, 75.46%, 30, 0, 11, 942.60, 1416430, 618
1430, 2, 1057, 1065, 759, 27, 75.46%, 30, 0, 11, 756.74, 1420240, 618
1436, 2, 1012, 1065, 756, 24, 75.46%, 30, 0, 11, 108.68, 1423886, 618
1441, 2, 988, 1065, 754, 22, 75.46%, 30, 0, 11, 930.26, 1428555, 618
1446, 2, 993, 1065, 752, 20, 75.46%, 30, 0, 11, 941.77, 1433488, 618
1451, 2, 983, 1065, 750, 18, 75.46%, 30, 0, 11, 950.24, 1438304, 618
1456, 2, 994, 1067, 751, 18, 75.70%, 30, 0, 11, 966.75, 1443130, 620
1461, 2, 991, 1067, 749, 16, 75.70%, 30, 0, 11, 902.90, 1447616, 620
1466, 2, 976, 1067, 746, 13, 75.70%, 30, 0, 11, 943.01, 1452491, 620
1472, 2, 987, 1069, 746, 11, 75.70%, 35, 0, 11, 993.29, 1456207, 620
1477, 2, 987, 1072, 749, 11, 75.82%, 43, 0, 11, 933.71, 1460810, 621
1482, 2, 987, 1075, 752, 11, 75.95%, 46, 0, 11, 942.78, 1465556, 622
1487, 2, 1069, 1076, 750, 11, 76.07%, 46, 0, 11, 974.66, 1470498, 623
1492, 2, 981, 1087, 759, 9, 76.43%, 46, 0, 11, 679.54, 1473976, 626
1497, 2, 981, 1098, 770, 9, 77.17%, 46, 0, 11, 531.93, 1476476, 632
1503, 2, 981, 1102, 774, 9, 77.17%, 46, 0, 11, 51.42, 1478884, 632
1508, 2, 981, 1105, 777, 9, 77.17%, 46, 0, 11, 501.60, 1481395, 632
1513, 2, 981, 1105, 777, 9, 77.17%, 46, 0, 11, 493.40, 1483895, 632
1518, 2, 981, 1105, 777, 9, 77.17%, 46, 0, 11, 495.16, 1486415, 632
1523, 2, 995, 1105, 774, 15, 77.17%, 46, 0, 11, 744.58, 1490398, 632
1532, 2, 1065, 1105, 773, 14, 77.17%, 46, 0, 11, 13.66, 1491438, 632
1537, 2, 1098, 1106, 773, 13, 77.17%, 46, 0, 11, 753.14, 1494729, 632
1542, 2, 1096, 1107, 773, 12, 77.17%, 46, 0, 11, 657.09, 1497939, 632
1547, 2, 1089, 1109, 773, 10, 77.17%, 46, 0, 11, 607.18, 1501189, 632
1552, 2, 1094, 1109, 772, 9, 77.17%, 46, 0, 11, 612.99, 1504400, 632
1557, 2, 1066, 1110, 771, 7, 77.17%, 46, 0, 11, 740.73, 1508469, 632
1562, 2, 1090, 1110, 769, 5, 77.17%, 46, 0, 11, 732.56, 1512274, 632
1568, 2, 1090, 1110, 769, 5, 77.17%, 46, 0, 11, 519.02, 1514346, 632
1573, 2, 1029, 1111, 766, 3, 77.29%, 46, 0, 11, 851.02, 1518985, 633
1578, 2, 1097, 1113, 766, 3, 77.53%, 46, 0, 11, 776.99, 1523084, 635
1583, 2, 1111, 1114, 765, 1, 77.53%, 46, 0, 11, 882.35, 1527580, 635
1588, 2, 292, 1115, 765, 0, 77.53%, 47, 0, 11, 988.68, 1532616, 635
1593, 2, 965, 1119, 769, 0, 77.53%, 48, 0, 11, 798.07, 1536647, 635
1598, 2, 965, 1119, 769, 0, 77.53%, 49, 0, 11, 696.12, 1539990, 635
1603, 2, 965, 1119, 769, 0, 77.53%, 49, 0, 11, 663.74, 1542629, 635
1608, 2, 965, 1120, 770, 0, 77.53%, 49, 0, 11, 699.84, 1546155, 635
1613, 2, 1115, 1122, 771, 1, 77.53%, 49, 0, 11, 804.17, 1550571, 635
1618, 2, 983, 1123, 771, 0, 77.53%, 49, 0, 11, 907.33, 1555229, 635
1624, 2, 188, 1125, 773, 0, 77.53%, 49, 0, 11, 990.31, 1560446, 635
1629, 2, 973, 1125, 773, 0, 77.53%, 49, 0, 11, 983.79, 1565385, 635
1634, 2, 252, 1125, 773, 0, 77.53%, 49, 0, 11, 1052.07, 1569317, 635
1639, 2, 919, 1128, 776, 0, 77.53%, 49, 0, 11, 1007.29, 1574484, 635
1644, 2, 992, 1128, 775, 0, 77.53%, 49, 0, 11, 1011.30, 1579486, 635
1649, 2, 18, 1132, 778, 0, 77.53%, 49, 0, 11, 1012.43, 1584513, 635
1654, 2, 858, 1133, 779, 0, 77.53%, 49, 0, 11, 988.59, 1589438, 635
1659, 2, 18, 1133, 779, 0, 77.53%, 49, 0, 11, 1022.97, 1594545, 635
1664, 2, 768, 1134, 780, 0, 77.53%, 49, 0, 11, 994.95, 1599444, 635
1669, 2, 1126, 1134, 780, 0, 77.53%, 49, 0, 11, 759.28, 1602863, 635
1675, 2, 8, 1137, 780, 0, 77.53%, 49, 0, 11, 921.63, 1607604, 635
1680, 2, 12, 1138, 778, 0, 77.53%, 49, 0, 11, 985.52, 1612822, 635
1685, 2, 526, 1140, 779, 0, 77.53%, 49, 0, 11, 1004.25, 1618059, 635
1690, 2, 18, 1142, 780, 0, 77.53%, 49, 0, 11, 981.91, 1622895, 635
1695, 2, 18, 1142, 779, 0, 77.53%, 49, 0, 11, 982.47, 1627888, 635
1700, 2, 1112, 1142, 779, 0, 77.53%, 49, 0, 11, 990.00, 1631598, 635
1705, 2, 1116, 1143, 780, 0, 77.53%, 49, 0, 11, 914.97, 1636309, 635
1710, 2, 1116, 1144, 781, 0, 77.53%, 49, 0, 11, 901.44, 1640565, 635
1715, 2, 858, 1144, 780, 0, 77.53%, 49, 0, 11, 931.29, 1645285, 635
1721, 2, 1074, 1144, 780, 0, 77.53%, 50, 0, 11, 956.76, 1650269, 635
1726, 2, 1074, 1144, 779, 0, 77.53%, 50, 0, 11, 989.03, 1655462, 635
1731, 2, 3, 1144, 779, 0, 77.53%, 50, 0, 11, 961.94, 1660275, 635
1736, 2, 878, 1145, 779, 0, 77.53%, 50, 0, 11, 1016.28, 1664102, 635
1741, 2, 18, 1145, 778, 0, 77.53%, 50, 0, 11, 1006.96, 1669254, 635
1746, 2, 939, 1147, 780, 0, 77.53%, 50, 0, 11, 987.57, 1674411, 635
1751, 2, 1044, 1147, 779, 0, 77.53%, 50, 0, 11, 863.01, 1678943, 635
1756, 2, 1090, 1147, 778, 0, 77.53%, 50, 0, 11, 759.45, 1682366, 635
1761, 2, 1009, 1147, 777, 0, 77.53%, 50, 0, 11, 942.82, 1687508, 635
1767, 2, 998, 1147, 777, 0, 77.53%, 50, 0, 11, 87.16, 1691702, 635
1772, 2, 1018, 1149, 777, 0, 77.53%, 50, 0, 11, 919.34, 1696398, 635
1777, 2, 1079, 1150, 778, 0, 77.53%, 50, 0, 11, 807.30, 1700418, 635
1782, 2, 18, 1150, 777, 0, 77.53%, 50, 0, 11, 945.70, 1705191, 635
1787, 2, 18, 1152, 779, 0, 77.53%, 50, 0, 11, 964.49, 1709947, 635
1792, 2, 424, 1153, 779, 0, 77.53%, 50, 0, 11, 984.23, 1714918, 635
1798, 2, 610, 1154, 778, 0, 77.53%, 50, 0, 11, 929.80, 1719690, 635
1803, 2, 212, 1155, 779, 0, 77.53%, 50, 0, 11, 959.53, 1723538, 635
1808, 2, 600, 1155, 779, 0, 77.53%, 50, 0, 11, 990.51, 1728498, 635
1813, 2, 327, 1157, 780, 0, 77.53%, 50, 0, 11, 1008.94, 1733721, 635
1818, 2, 375, 1157, 780, 0, 77.53%, 50, 0, 11, 972.90, 1738507, 635
1823, 2, 18, 1157, 780, 0, 77.53%, 50, 0, 11, 926.17, 1743488, 635
1828, 2, 18, 1157, 780, 0, 77.53%, 50, 0, 11, 962.39, 1748346, 635
1834, 2, 17, 1157, 780, 0, 77.53%, 50, 0, 11, 73.87, 1752831, 635
1839, 2, 292, 1157, 779, 0, 77.53%, 50, 0, 11, 995.10, 1758074, 635
1844, 2, 18, 1158, 780, 0, 77.53%, 50, 0, 11, 972.78, 1762874, 635
1849, 2, 18, 1158, 779, 0, 77.53%, 50, 0, 11, 975.65, 1767686, 635
1854, 2, 27, 1158, 779, 0, 77.53%, 50, 0, 11, 989.25, 1772736, 635
1859, 2, 8, 1158, 779, 0, 77.53%, 50, 0, 11, 1001.78, 1777861, 635
1864, 2, 0, 1159, 780, 0, 77.53%, 51, 0, 11, 977.98, 1782957, 635
1869, 2, 27, 1159, 780, 0, 77.53%, 51, 0, 11, 1027.36, 1786788, 635
1875, 2, 18, 1159, 780, 0, 77.53%, 51, 0, 11, 1011.00, 1792020, 635
1880, 2, 0, 1160, 781, 0, 77.53%, 51, 0, 11, 992.99, 1797131, 635
1885, 2, 1110, 1162, 783, 0, 77.53%, 51, 0, 11, 955.62, 1801867, 635
1890, 2, 1066, 1164, 785, 0, 77.53%, 51, 0, 11, 976.78, 1806838, 635
1895, 2, 968, 1165, 786, 0, 77.53%, 52, 0, 11, 978.67, 1811788, 635
1901, 2, 768, 1166, 785, 0, 77.53%, 52, 0, 11, 81.50, 1816307, 635
1906, 2, 139, 1166, 785, 0, 77.53%, 52, 0, 11, 944.63, 1821218, 635
1911, 2, 336, 1167, 785, 0, 77.53%, 52, 0, 11, 963.42, 1826343, 635
1916, 2, 780, 1167, 785, 0, 77.53%, 52, 0, 11, 1009.72, 1831639, 635
1921, 2, 79, 1167, 782, 0, 77.53%, 52, 0, 11, 988.35, 1836727, 635
1926, 2, 0, 1167, 782, 0, 77.53%, 52, 0, 11, 1007.11, 1841911, 635
1931, 2, 18, 1171, 785, 0, 77.53%, 52, 0, 11, 955.71, 1846637, 635
1937, 2, 0, 1172, 785, 0, 77.53%, 52, 0, 11, 961.39, 1850595, 635
1942, 2, 155, 1172, 785, 0, 77.53%, 52, 0, 11, 986.29, 1855771, 635
1947, 2, 20, 1173, 786, 0, 77.53%, 52, 0, 11, 979.72, 1860661, 635
1952, 2, 18, 1173, 786, 0, 77.53%, 52, 0, 11, 1035.80, 1866053, 635
1957, 2, 496, 1173, 782, 0, 77.53%, 52, 0, 11, 1013.28, 1871279, 635
1962, 2, 107, 1174, 782, 0, 77.53%, 52, 0, 11, 981.43, 1876194, 635
1968, 2, 129, 1174, 782, 0, 77.53%, 52, 0, 11, 44.22, 1880253, 635
1973, 2, 188, 1174, 782, 0, 77.53%, 53, 0, 11, 981.43, 1885248, 635
1978, 2, 18, 1174, 780, 0, 77.53%, 53, 0, 11, 989.38, 1890353, 635
1983, 2, 20, 1175, 781, 0, 77.53%, 53, 0, 11, 999.21, 1895509, 635
1988, 2, 987, 1175, 780, 0, 77.53%, 54, 0, 11, 1016.67, 1900840, 635
1994, 2, 18, 1175, 779, 0, 77.53%, 54, 0, 11, 1017.75, 1906009, 635
1999, 2, 18, 1175, 777, 0, 77.53%, 54, 0, 11, 976.27, 1910923, 635
2004, 2, 17, 1176, 778, 0, 77.53%, 54, 0, 11, 988.05, 1914628, 635
2009, 2, 979, 1176, 778, 0, 77.53%, 54, 0, 11, 965.53, 1919487, 635
2014, 2, 993, 1176, 776, 0, 77.53%, 54, 0, 11, 1008.63, 1924597, 635
2019, 2, 988, 1176, 775, 0, 77.53%, 54, 0, 11, 979.61, 1929500, 635
2024, 2, 1104, 1177, 776, 0, 77.53%, 54, 0, 11, 880.32, 1933725, 635
2029, 2, 28, 1177, 775, 0, 77.53%, 54, 0, 11, 919.01, 1938053, 635
2035, 2, 155, 1177, 774, 0, 77.53%, 54, 0, 11, 29.21, 1942599, 635
2040, 2, 1170, 1179, 775, 0, 77.53%, 54, 0, 11, 666.13, 1946160, 635
2045, 2, 155, 1179, 774, 0, 77.53%, 54, 0, 11, 845.91, 1950437, 635
2050, 2, 0, 1180, 775, 0, 77.53%, 54, 0, 11, 1002.12, 1955839, 635
2055, 2, 18, 1180, 775, 0, 77.53%, 54, 0, 11, 1035.37, 1961018, 635
2060, 2, 27, 1181, 776, 0, 77.53%, 54, 0, 11, 1033.25, 1966392, 635
2066, 2, 28, 1181, 775, 0, 77.53%, 54, 0, 11, 1023.07, 1971598, 635
2071, 2, 18, 1181, 774, 0, 77.53%, 54, 0, 11, 968.06, 1975474, 635
2076, 2, 28, 1181, 774, 0, 77.53%, 54, 0, 11, 983.61, 1980434, 635
2081, 2, 164, 1182, 774, 0, 77.53%, 54, 0, 11, 990.64, 1985286, 635
2086, 2, 292, 1182, 772, 0, 77.53%, 54, 0, 11, 1020.12, 1990604, 635
2091, 2, 281, 1183, 772, 0, 77.53%, 54, 0, 11, 1004.22, 1995800, 635
2096, 2, 1007, 1183, 772, 0, 77.53%, 54, 0, 11, 997.79, 2000955, 635
2102, 2, 343, 1183, 772, 0, 77.53%, 54, 0, 11, 143.25, 2005080, 635
2107, 2, 27, 1183, 771, 0, 77.53%, 54, 0, 11, 948.67, 2009897, 635
2112, 2, 3, 1183, 770, 0, 77.53%, 54, 0, 11, 620.03, 2012306, 635
2117, 2, 18, 1183, 770, 0, 77.53%, 54, 0, 11, 896.88, 2017109, 635
2122, 2, 1074, 1183, 769, 0, 77.53%, 54, 0, 11, 1006.26, 2022468, 635
2127, 2, 690, 1184, 770, 0, 77.53%, 54, 0, 11, 1011.89, 2027676, 635
2132, 2, 496, 1184, 768, 0, 77.53%, 54, 0, 11, 980.93, 2032583, 635
2137, 2, 139, 1185, 767, 0, 77.53%, 54, 0, 11, 1050.41, 2036378, 635
2142, 2, 650, 1185, 767, 0, 77.53%, 55, 0, 11, 1020.92, 2041580, 635
2148, 2, 1113, 1185, 767, 0, 77.53%, 55, 0, 11, 995.86, 2046819, 635
2153, 2, 0, 1185, 766, 0, 77.53%, 55, 0, 11, 1004.76, 2051717, 635
2158, 2, 1110, 1187, 767, 0, 77.53%, 55, 0, 11, 1031.86, 2057143, 635
2163, 2, 18, 1190, 769, 0, 77.53%, 55, 0, 11, 1041.16, 2062517, 635
2169, 2, 1110, 1191, 770, 0, 77.53%, 55, 0, 11, 62.26, 2066986, 635
2174, 2, 736, 1191, 770, 0, 77.53%, 55, 0, 11, 976.97, 2072145, 635
2179, 2, 992, 1192, 771, 0, 77.53%, 55, 0, 11, 976.35, 2077131, 635
2184, 2, 164, 1192, 771, 0, 77.53%, 55, 0, 11, 1031.65, 2082573, 635
2189, 2, 212, 1193, 771, 0, 77.53%, 55, 0, 11, 1030.06, 2087912, 635
2195, 2, 422, 1194, 772, 0, 77.53%, 55, 0, 11, 1010.88, 2093023, 635
2200, 2, 0, 1194, 769, 0, 77.53%, 55, 0, 11, 1016.55, 2098149, 635
2205, 2, 20, 1194, 769, 0, 77.53%, 55, 0, 11, 1003.64, 2101827, 635
2210, 2, 152, 1194, 769, 0, 77.53%, 55, 0, 11, 1008.06, 2107017, 635
2215, 2, 79, 1194, 768, 0, 77.53%, 55, 0, 11, 1004.25, 2112173, 635
2220, 2, 992, 1194, 768, 0, 77.53%, 55, 0, 11, 1006.51, 2117420, 635
2225, 2, 984, 1195, 769, 0, 77.53%, 55, 0, 11, 1013.74, 2122715, 635
2230, 2, 1154, 1195, 769, 0, 77.53%, 55, 0, 11, 927.01, 2127464, 635
2236, 2, 0, 1196, 769, 0, 77.53%, 55, 0, 11, 58.58, 2131664, 635
2241, 2, 17, 1196, 768, 0, 77.53%, 55, 0, 11, 970.34, 2136432, 635
2246, 2, 561, 1196, 768, 0, 77.53%, 55, 0, 11, 982.34, 2141247, 635
2251, 2, 18, 1196, 767, 0, 77.53%, 55, 0, 11, 1025.39, 2146643, 635
2256, 2, 12, 1197, 767, 0, 77.53%, 55, 0, 11, 999.63, 2151858, 635
2262, 2, 780, 1197, 766, 0, 77.53%, 55, 0, 11, 1017.33, 2157119, 635
2267, 2, 8, 1197, 766, 0, 77.53%, 55, 0, 11, 1011.79, 2162151, 635
2272, 2, 985, 1197, 766, 0, 77.53%, 55, 0, 11, 997.51, 2165883, 635
2277, 2, 20, 1197, 766, 0, 77.53%, 55, 0, 11, 988.84, 2170822, 635
2282, 2, 690, 1197, 766, 0, 77.53%, 55, 0, 11, 1004.84, 2176002, 635
2287, 2, 18, 1197, 766, 0, 77.53%, 55, 0, 11, 996.32, 2180911, 635
2292, 2, 18, 1197, 766, 0, 77.53%, 55, 0, 11, 1017.18, 2186258, 635
2297, 2, 610, 1198, 766, 0, 77.53%, 55, 0, 11, 932.02, 2190788, 635
2303, 2, 1080, 1198, 765, 0, 77.53%, 55, 0, 11, 68.09, 2194306, 635
2308, 2, 633, 1198, 764, 0, 77.53%, 55, 0, 11, 829.37, 2198551, 635
2314, 2, 619, 1198, 763, 0, 77.53%, 55, 0, 11, 1005.24, 2203934, 635
2319, 2, 18, 1198, 761, 0, 77.53%, 55, 0, 11, 991.94, 2208971, 635
2324, 2, 1068, 1200, 763, 0, 77.53%, 55, 0, 11, 946.67, 2213895, 635
2329, 2, 8, 1200, 761, 0, 77.53%, 55, 0, 11, 984.21, 2218838, 635
2334, 2, 18, 1200, 759, 0, 77.53%, 55, 0, 11, 1001.87, 2224072, 635
2339, 2, 547, 1200, 757, 0, 77.53%, 55, 0, 11, 989.31, 2227700, 635
2344, 3, 8, 1200, 756, 0, 77.53%, 55, 0, 11, 1005.37, 2232690, 635
2349, 3, 2, 1200, 755, 0, 77.53%, 55, 0, 11, 986.94, 2237742, 635
2354, 3, 8, 1200, 754, 0, 77.53%, 55, 0, 11, 997.30, 2242925, 635
2359, 3, 1013, 1200, 754, 0, 77.53%, 55, 0, 11, 1002.40, 2248084, 635
2364, 3, 18, 1200, 754, 0, 77.53%, 55, 0, 11, 994.32, 2252985, 635
2370, 3, 960, 1202, 755, 0, 77.53%, 55, 0, 11, 99.87, 2257365, 635
2376, 3, 336, 1203, 755, 0, 77.53%, 55, 0, 11, 980.24, 2262520, 635
2381, 3, 89, 1203, 755, 0, 77.53%, 55, 0, 11, 999.00, 2267484, 635
2386, 3, 1098, 1203, 754, 0, 77.53%, 55, 0, 11, 1011.72, 2272797, 635
2391, 3, 539, 1203, 753, 0, 77.53%, 55, 0, 11, 1006.19, 2277758, 635
2396, 3, 430, 1203, 753, 0, 77.53%, 55, 0, 11, 1005.64, 2282966, 635
2401, 3, 2, 1203, 749, 0, 77.53%, 55, 0, 11, 988.45, 2287869, 635
2406, 3, 1055, 1203, 746, 0, 77.53%, 55, 0, 11, 966.51, 2291483, 635
2411, 3, 1097, 1203, 745, 0, 77.53%, 55, 0, 11, 801.24, 2294964, 635
2416, 3, 669, 1203, 745, 0, 77.53%, 55, 0, 11, 990.35, 2300283, 635
2421, 3, 247, 1203, 744, 0, 77.53%, 55, 0, 11, 1016.85, 2305540, 635
2427, 3, 561, 1203, 743, 0, 77.53%, 55, 0, 11, 703.64, 2308728, 635
2432, 3, 1115, 1203, 743, 0, 77.53%, 55, 0, 11, 930.82, 2313749, 635
2437, 3, 18, 1203, 743, 0, 77.53%, 55, 0, 11, 17.28, 2318418, 635
2443, 3, 324, 1203, 742, 0, 77.53%, 55, 0, 11, 1002.19, 2323580, 635
2448, 3, 974, 1205, 744, 0, 77.53%, 55, 0, 11, 1011.63, 2328859, 635
2453, 3, 690, 1206, 744, 0, 77.53%, 55, 0, 11, 855.12, 2332799, 635
2458, 3, 1058, 1206, 743, 0, 77.53%, 55, 0, 11, 1002.16, 2338255, 635
2463, 3, 0, 1206, 742, 0, 77.53%, 55, 0, 11, 877.73, 2342395, 635
2468, 3, 870, 1207, 742, 0, 77.78%, 55, 0, 11, 967.59, 2347313, 637
2473, 3, 18, 1208, 741, 0, 77.78%, 55, 0, 11, 926.35, 2350616, 637
2479, 3, 281, 1208, 740, 0, 77.78%, 55, 0, 11, 999.86, 2355814, 637
2484, 3, 161, 1208, 738, 0, 77.78%, 55, 0, 11, 1034.84, 2361155, 637
2489, 3, 522, 1208, 738, 0, 77.78%, 55, 0, 11, 972.05, 2365924, 637
2494, 3, 129, 1208, 738, 0, 77.78%, 55, 0, 11, 1006.78, 2370969, 637
2499, 3, 0, 1208, 737, 0, 77.78%, 55, 0, 11, 967.37, 2375989, 637
2504, 3, 18, 1208, 735, 0, 77.78%, 55, 0, 11, 40.20, 2379821, 637
2510, 3, 18, 1208, 735, 0, 77.78%, 55, 0, 11, 1006.91, 2385010, 637
2515, 3, 424, 1211, 738, 0, 77.78%, 55, 0, 11, 1004.80, 2389866, 637
2520, 3, 155, 1215, 742, 0, 77.78%, 55, 0, 11, 964.88, 2394760, 637
2525, 3, 20, 1215, 740, 0, 77.78%, 55, 0, 11, 988.23, 2399861, 637
2530, 3, 1090, 1215, 740, 0, 77.78%, 55, 0, 11, 923.66, 2404880, 637
2535, 3, 0, 1215, 739, 0, 77.78%, 55, 0, 11, 977.01, 2410068, 637
2540, 3, 8, 1216, 739, 0, 77.78%, 55, 0, 11, 973.56, 2413856, 637
2546, 3, 1014, 1216, 736, 0, 77.78%, 55, 0, 11, 1017.72, 2419150, 637
2551, 3, 1005, 1216, 736, 0, 77.78%, 55, 0, 11, 992.49, 2424289, 637
2556, 3, 1206, 1216, 736, 0, 77.78%, 55, 0, 11, 978.03, 2429296, 637
2561, 3, 18, 1217, 735, 0, 77.78%, 55, 0, 11, 968.80, 2434220, 637
2566, 3, 18, 1217, 735, 0, 77.78%, 55, 0, 11, 973.46, 2439088, 637
2572, 3, 1006, 1217, 735, 0, 77.78%, 55, 0, 11, 49.67, 2442864, 637
2577, 3, 1205, 1217, 735, 0, 77.78%, 55, 0, 11, 881.81, 2447317, 637
2582, 3, 1110, 1217, 734, 0, 77.78%, 55, 0, 11, 1005.97, 2452483, 637
2587, 3, 18, 1217, 734, 0, 77.78%, 55, 0, 11, 1001.59, 2457467, 637
2592, 3, 648, 1217, 734, 0, 77.78%, 55, 0, 11, 971.52, 2462313, 637
2597, 3, 8, 1218, 734, 0, 77.78%, 55, 0, 11, 988.65, 2467482, 637
2602, 3, 985, 1219, 734, 0, 77.78%, 55, 0, 11, 952.05, 2472389, 637
2607, 3, 28, 1219, 734, 0, 77.78%, 55, 0, 11, 987.60, 2476130, 637
2612, 3, 3, 1219, 734, 0, 77.78%, 55, 0, 11, 973.59, 2480963, 637
2617, 3, 20, 1219, 731, 0, 77.78%, 56, 0, 11, 1021.21, 2486386, 637
2622, 3, 7, 1220, 730, 0, 77.78%, 56, 0, 11, 957.96, 2491142, 637
2628, 3, 641, 1220, 730, 0, 77.78%, 56, 0, 11, 955.78, 2496035, 637
2633, 3, 7, 1220, 729, 0, 77.78%, 56, 0, 11, 992.39, 2501182, 637
2639, 3, 182, 1220, 726, 0, 77.78%, 56, 0, 11, 15.76, 2505510, 637
2644, 3, 17, 1220, 725, 0, 77.78%, 56, 0, 11, 972.50, 2510330, 637
2649, 3, 7, 1220, 725, 0, 77.78%, 56, 0, 11, 1050.39, 2515665, 637
2654, 3, 20, 1220, 725, 0, 77.78%, 56, 0, 11, 1000.78, 2520842, 637
2659, 3, 28, 1220, 725, 0, 77.78%, 56, 0, 11, 1002.20, 2526082, 637
2664, 3, 985, 1221, 726, 0, 77.78%, 56, 0, 11, 970.16, 2531128, 637
2669, 3, 7, 1221, 726, 0, 77.78%, 56, 0, 11, 968.51, 2535935, 637
2674, 3, 1007, 1221, 726, 0, 77.78%, 56, 0, 11, 940.73, 2539614, 637
2679, 3, 163, 1222, 727, 0, 77.78%, 57, 0, 11, 980.95, 2544544, 637
2685, 3, 1022, 1222, 726, 0, 77.78%, 57, 0, 11, 1009.83, 2549857, 637
2690, 3, 18, 1222, 726, 0, 77.78%, 57, 0, 11, 1005.71, 2554849, 637
2695, 3, 250, 1223, 727, 0, 77.78%, 57, 0, 11, 914.53, 2559459, 637
2700, 3, 301, 1223, 727, 0, 77.78%, 57, 0, 11, 870.48, 2563697, 637
2705, 3, 18, 1224, 727, 0, 77.78%, 57, 0, 11, 89.49, 2567816, 637
2711, 3, 625, 1224, 727, 0, 77.78%, 57, 0, 11, 1018.15, 2573071, 637
2716, 3, 1009, 1224, 727, 0, 77.78%, 57, 0, 11, 1043.49, 2578337, 637
2721, 3, 262, 1224, 726, 0, 77.78%, 57, 0, 11, 1013.85, 2583485, 637
2726, 3, 780, 1224, 726, 0, 77.78%, 57, 0, 11, 983.15, 2588442, 637
2731, 3, 768, 1224, 726, 0, 77.78%, 57, 0, 11, 955.86, 2593412, 637
2736, 3, 127, 1225, 727, 0, 77.78%, 57, 0, 11, 918.14, 2597782, 637
